position	avg_dE
1	8.346960
2	9.185345
3	9.359446
4	8.337990
5	8.245055
6	6.104793
7	6.147328
8	8.049893
9	8.268509
10	6.253329
11	6.202268
12	8.810752
13	7.583393
14	6.672623
15	10.018398
16	8.610101
17	4.451763
18	8.476466
19	8.162993
20	6.860792
21	6.445848
22	8.082077
23	7.485304
24	5.175423
25	6.682788
26	7.982720
27	8.700612
28	6.371709
29	8.323913
30	8.323125
31	7.161332
32	6.799195
33	8.367128
34	6.595822
35	8.242307
36	8.206754
37	7.648664
38	8.566630
39	5.761638
40	8.324378
41	6.899218
42	9.169994
43	8.337960
44	8.321026
45	3.969694
46	8.268883
47	8.269623
48	8.364397
49	7.800283
50	5.069882
51	7.242587
52	8.337318
53	8.287146
54	7.381278
55	8.679120
56	8.163506
57	8.516473
58	8.281015
59	8.061239
60	6.071009
61	8.308523
62	8.287880
63	6.613334
64	8.401989
65	8.299420
66	8.866523
67	8.356065
68	9.213900
69	10.509005
70	8.777038
71	9.085677
72	5.786161
73	7.360176
74	5.554026
75	8.413272
76	8.317277
77	7.559331
78	8.331296
79	7.251466
80	8.474533
81	8.316059
82	8.218959
83	8.297122
84	6.947170
85	8.286187
86	8.290053
87	8.491985
88	7.863813
89	8.810963
90	6.691078
91	7.769855
92	7.503816
93	7.976573
94	9.176474
95	9.743039
96	8.562155
97	8.882056
98	8.742606
99	6.736733
100	9.727227
101	5.492210
102	8.336246
103	8.431902
104	8.532935
105	8.302655
106	6.842611
107	8.325800
108	8.261467
109	8.299409
110	7.785383
111	3.853860
112	3.242839
113	7.444073
114	8.079457
115	8.926853
116	8.301613
117	8.556850
118	8.276759
119	4.113666
120	8.263831
121	8.246973
122	7.588210
123	8.104125
124	2.377106
125	4.914678
126	6.592909
127	7.482894
128	7.822022
129	8.289232
130	8.278114
131	8.337334
132	8.311521
133	8.240374
134	10.268974
135	7.156925
136	6.727292
137	8.523414
138	5.649510
139	9.307914
140	6.510497
141	6.476431
142	7.893019
143	5.220748
144	8.168550
145	8.359258
146	8.296945
147	7.868527
148	5.277510
149	8.308894
150	8.201138
151	6.686785
152	8.289669
153	8.517472
154	4.442875
155	6.044453
156	6.828315
157	7.432352
158	7.860974
159	8.367524
160	5.986081
161	8.545008
162	7.777832
163	4.432369
164	7.986119
165	7.691051
166	8.263948
167	6.806101
168	9.605437
169	9.372916
170	7.952899
171	7.676765
172	8.284363
173	7.261986
174	8.252856
175	8.306348
176	7.185655
177	9.225828
178	8.286966
179	10.140689
180	8.951348
181	7.042870
182	7.327006
183	8.319588
184	8.341325
185	9.004527
186	8.269374
187	7.404886
188	6.909547
189	8.415715
190	8.339719
191	8.275352
192	8.323187
193	5.538453
194	8.754913
195	6.138828
196	8.294802
197	8.283331
198	8.302836
199	8.239753
200	7.339653
201	5.484279
202	8.301092
203	6.580547
204	7.944197
205	7.594377
206	6.206262
207	8.416230
208	5.748346
209	8.252113
210	8.004420
211	4.683613
212	7.831684
213	8.257398
214	8.517046
215	6.992473
216	6.768789
217	7.107759
218	5.589094
219	6.622225
220	4.233273
221	7.052889
222	6.076741
223	8.311704
224	8.926673
225	8.494678
226	8.375093
227	7.298665
228	8.273654
229	8.231837
230	5.331431
231	7.857043
232	5.253089
233	8.357275
234	5.400338
235	8.344844
236	8.351993
237	8.307177
238	8.316974
239	8.348920
240	9.079810
241	8.299885
242	8.993455
243	8.336521
244	8.244926
245	8.249562
246	8.344813
247	8.303924
248	9.435290
249	8.290793
250	8.297465
251	9.118978
252	8.936242
253	7.603057
254	6.699361
255	6.180492
256	6.372495
257	8.293484
258	9.258505
259	8.090706
260	8.301856
261	8.600837
262	7.648941
263	8.088751
